# oST version 5.0 parameters


[image]

width
640

height
480

[narrow_stereo]

camera matrix
629.741056 0.000000 311.503402
0.000000 627.820435 240.057869
0.000000 0.000000 1.000000

distortion
0.115276 -0.183157 0.003384 -0.001945 0.000000

rectification
1.000000 0.000000 0.000000
0.000000 1.000000 0.000000
0.000000 0.000000 1.000000

projection
641.279358 0.000000 309.949502 0.000000
0.000000 638.875671 240.860243 0.000000
0.000000 0.000000 1.000000 0.000000
