# oST version 5.0 parameters


[image]

width
640

height
480

[narrow_stereo]

camera matrix
628.043672 0.000000 314.729341
0.000000 626.027947 247.036536
0.000000 0.000000 1.000000

distortion
0.111717 -0.227297 0.004486 -0.002017 0.000000

rectification
1.000000 0.000000 0.000000
0.000000 1.000000 0.000000
0.000000 0.000000 1.000000

projection
636.397827 0.000000 313.174538 0.000000
0.000000 634.000427 248.071401 0.000000
0.000000 0.000000 1.000000 0.000000
