# oST version 5.0 parameters


[image]

width
1920

height
1080

[narrow_stereo]

camera matrix
1429.630618 0.000000 935.981473
0.000000 1428.793341 545.509104
0.000000 0.000000 1.000000

distortion
0.108086 -0.190711 -0.002318 0.000053 0.000000

rectification
1.000000 0.000000 0.000000
0.000000 1.000000 0.000000
0.000000 0.000000 1.000000

projection
1443.739014 0.000000 934.260514 0.000000
0.000000 1449.271484 543.222537 0.000000
0.000000 0.000000 1.000000 0.000000
