# oST version 5.0 parameters


[image]

width
640

height
480

[narrow_stereo]

camera matrix
623.734567 0.000000 310.021428
0.000000 623.219566 245.418617
0.000000 0.000000 1.000000

distortion
0.100163 -0.193758 0.004049 -0.000405 0.000000

rectification
1.000000 0.000000 0.000000
0.000000 1.000000 0.000000
0.000000 0.000000 1.000000

projection
631.624329 0.000000 309.241409 0.000000
0.000000 630.053528 246.302543 0.000000
0.000000 0.000000 1.000000 0.000000
