# oST version 5.0 parameters


[image]

width
640

height
480

[narrow_stereo]

camera matrix
622.050927 0.000000 321.991627
0.000000 618.003609 227.626732
0.000000 0.000000 1.000000

distortion
0.109458 -0.256843 -0.005883 0.005732 0.000000

rectification
1.000000 0.000000 0.000000
0.000000 1.000000 0.000000
0.000000 0.000000 1.000000

projection
628.498657 0.000000 324.448131 0.000000
0.000000 625.701721 225.110461 0.000000
0.000000 0.000000 1.000000 0.000000
