image_width: 640
image_height: 480
camera_name: narrow_stereo
camera_matrix:
  rows: 3
  cols: 3
  data: [622.05093,   0.     , 321.99163,
           0.     , 618.00361, 227.62673,
           0.     ,   0.     ,   1.     ]
distortion_model: plumb_bob
distortion_coefficients:
  rows: 1
  cols: 5
  data: [0.109458, -0.256843, -0.005883, 0.005732, 0.000000]
rectification_matrix:
  rows: 3
  cols: 3
  data: [1., 0., 0.,
         0., 1., 0.,
         0., 0., 1.]
projection_matrix:
  rows: 3
  cols: 4
  data: [628.49866,   0.     , 324.44813,   0.     ,
           0.     , 625.70172, 225.11046,   0.     ,
           0.     ,   0.     ,   1.     ,   0.     ]
