image_width: 1280
image_height: 720
camera_name: narrow_stereo
camera_matrix:
  rows: 3
  cols: 3
  data: [936.96889,   0.     , 634.64407,
           0.     , 935.3422 , 366.60641,
           0.     ,   0.     ,   1.     ]
distortion_model: plumb_bob
distortion_coefficients:
  rows: 1
  cols: 5
  data: [0.100482, -0.185470, 0.002793, -0.001553, 0.000000]
rectification_matrix:
  rows: 3
  cols: 3
  data: [1., 0., 0.,
         0., 1., 0.,
         0., 0., 1.]
projection_matrix:
  rows: 3
  cols: 4
  data: [942.61328,   0.     , 631.62103,   0.     ,
           0.     , 947.51831, 367.492  ,   0.     ,
           0.     ,   0.     ,   1.     ,   0.     ]
