# oST version 5.0 parameters


[image]

width
1280

height
720

[narrow_stereo]

camera matrix
936.968887 0.000000 634.644074
0.000000 935.342202 366.606409
0.000000 0.000000 1.000000

distortion
0.100482 -0.185470 0.002793 -0.001553 0.000000

rectification
1.000000 0.000000 0.000000
0.000000 1.000000 0.000000
0.000000 0.000000 1.000000

projection
942.613281 0.000000 631.621032 0.000000
0.000000 947.518311 367.491999 0.000000
0.000000 0.000000 1.000000 0.000000
