image_width: 640
image_height: 480
camera_name: narrow_stereo
camera_matrix:
  rows: 3
  cols: 3
  data: [625.10806,   0.     , 313.65039,
           0.     , 623.77656, 239.82699,
           0.     ,   0.     ,   1.     ]
distortion_model: plumb_bob
distortion_coefficients:
  rows: 1
  cols: 5
  data: [0.100753, -0.197850, 0.002737, -0.000750, 0.000000]
rectification_matrix:
  rows: 3
  cols: 3
  data: [1., 0., 0.,
         0., 1., 0.,
         0., 0., 1.]
projection_matrix:
  rows: 3
  cols: 4
  data: [632.57318,   0.     , 312.73662,   0.     ,
           0.     , 630.71246, 240.29822,   0.     ,
           0.     ,   0.     ,   1.     ,   0.     ]
