# oST version 5.0 parameters


[image]

width
640

height
480

[narrow_stereo]

camera matrix
625.108058 0.000000 313.650390
0.000000 623.776557 239.826994
0.000000 0.000000 1.000000

distortion
0.100753 -0.197850 0.002737 -0.000750 0.000000

rectification
1.000000 0.000000 0.000000
0.000000 1.000000 0.000000
0.000000 0.000000 1.000000

projection
632.573181 0.000000 312.736618 0.000000
0.000000 630.712463 240.298223 0.000000
0.000000 0.000000 1.000000 0.000000
